time, humidity, ambient_temp, m8_temp, m5_temp
2022-04-14_13-55-34, 50.400000, 24.300000, 24.370000, 24.190000
2022-04-14_13-55-38, 50.300000, 24.300000, 24.370000, 24.190000
2022-04-14_13-55-42, 50.200000, 24.300000, 24.370000, 24.190000
2022-04-14_13-55-46, 50.300000, 24.300000, 24.370000, 24.190000
2022-04-14_13-55-50, 50.300000, 24.300000, 24.370000, 24.190000
2022-04-14_13-55-54, 50.300000, 24.300000, 24.370000, 24.190000
2022-04-14_13-55-58, 50.300000, 24.300000, 24.370000, 24.190000
2022-04-14_13-56-02, 50.300000, 24.300000, 24.370000, 24.190000
2022-04-14_13-56-06, 50.200000, 24.300000, 24.370000, 24.190000
2022-04-14_13-56-11, 50.000000, 24.300000, 24.370000, 24.190000
2022-04-14_13-56-15, 50.200000, 24.300000, 24.370000, 24.190000
2022-04-14_13-56-19, 50.300000, 24.300000, 24.370000, 24.190000
2022-04-14_13-56-23, 50.200000, 24.300000, 24.370000, 24.190000
2022-04-14_13-56-27, 50.300000, 24.300000, 24.500000, 24.250000
2022-04-14_13-56-31, 50.500000, 24.300000, 24.690000, 24.310000
2022-04-14_13-56-35, 50.300000, 24.300000, 24.810000, 24.370000
2022-04-14_13-56-39, 50.300000, 24.300000, 24.940000, 24.500000
2022-04-14_13-56-43, 50.400000, 24.300000, 25.000000, 24.500000
2022-04-14_13-56-47, 50.400000, 24.300000, 25.060000, 24.620000
2022-04-14_13-56-52, 50.300000, 24.300000, 25.120000, 24.750000
2022-04-14_13-56-56, 50.200000, 24.300000, 25.120000, 24.750000
2022-04-14_13-57-00, 50.300000, 24.300000, 25.190000, 24.870000
2022-04-14_13-57-04, 50.300000, 24.300000, 25.190000, 24.870000
2022-04-14_13-57-08, 50.500000, 24.400000, 25.190000, 24.940000
2022-04-14_13-57-12, 50.400000, 24.300000, 25.190000, 24.940000
2022-04-14_13-57-16, 50.400000, 24.400000, 25.250000, 25.000000
2022-04-14_13-57-20, 50.400000, 24.400000, 25.250000, 25.000000
2022-04-14_13-57-24, 50.300000, 24.300000, 25.250000, 25.000000
2022-04-14_13-57-29, 50.300000, 24.400000, 25.310000, 25.060000
2022-04-14_13-57-33, 50.100000, 24.300000, 25.250000, 25.060000
2022-04-14_13-57-37, 49.900000, 24.400000, 25.250000, 25.120000
2022-04-14_13-57-41, 49.900000, 24.400000, 25.310000, 25.120000
2022-04-14_13-57-45, 49.900000, 24.400000, 25.310000, 25.120000
2022-04-14_13-57-49, 49.800000, 24.300000, 25.310000, 25.120000
2022-04-14_13-57-53, 49.900000, 24.400000, 25.310000, 25.120000
2022-04-14_13-57-57, 49.900000, 24.400000, 25.310000, 25.120000
2022-04-14_13-58-01, 49.900000, 24.400000, 25.250000, 25.120000
2022-04-14_13-58-06, 49.900000, 24.400000, 25.250000, 25.120000
2022-04-14_13-58-10, 50.100000, 24.400000, 25.250000, 25.120000
2022-04-14_13-58-14, 50.300000, 24.400000, 25.250000, 25.120000
2022-04-14_13-58-18, 50.500000, 24.400000, 25.190000, 25.060000
2022-04-14_13-58-22, 50.500000, 24.400000, 25.120000, 25.060000
2022-04-14_13-58-26, 50.600000, 24.400000, 25.120000, 25.000000
2022-04-14_13-58-30, 50.500000, 24.400000, 25.060000, 25.000000
2022-04-14_13-58-34, 50.600000, 24.400000, 25.060000, 25.000000
2022-04-14_13-58-38, 50.700000, 24.400000, 25.000000, 24.940000
2022-04-14_13-58-42, 50.700000, 24.400000, 24.940000, 24.940000
2022-04-14_13-58-47, 50.700000, 24.400000, 24.870000, 24.870000
2022-04-14_13-58-51, 50.700000, 24.400000, 24.870000, 24.870000
2022-04-14_13-58-55, 50.800000, 24.400000, 24.750000, 24.810000
2022-04-14_13-58-59, 50.800000, 24.400000, 24.690000, 24.750000
2022-04-14_13-59-03, 50.700000, 24.400000, 24.560000, 24.620000
2022-04-14_13-59-07, 50.300000, 24.400000, 24.560000, 24.620000
2022-04-14_13-59-11, 50.000000, 24.400000, 24.440000, 24.500000
2022-04-14_13-59-15, 49.900000, 24.400000, 24.310000, 24.440000
2022-04-14_13-59-19, 49.900000, 24.400000, 24.250000, 24.370000
2022-04-14_13-59-24, 49.900000, 24.400000, 24.120000, 24.310000
2022-04-14_13-59-28, 49.900000, 24.400000, 24.000000, 24.250000
2022-04-14_13-59-32, 49.900000, 24.500000, 23.940000, 24.120000
2022-04-14_13-59-36, 49.900000, 24.400000, 23.810000, 24.000000
2022-04-14_13-59-40, 50.000000, 24.500000, 23.690000, 23.940000
2022-04-14_13-59-44, 49.900000, 24.400000, 23.560000, 23.870000
2022-04-14_13-59-48, 49.900000, 24.400000, 23.500000, 23.750000
2022-04-14_13-59-52, 50.000000, 24.500000, 23.310000, 23.620000
2022-04-14_13-59-56, 49.900000, 24.400000, 23.190000, 23.500000
2022-04-14_14-00-01, 50.000000, 24.500000, 23.120000, 23.440000
2022-04-14_14-00-05, 50.000000, 24.500000, 23.000000, 23.310000
2022-04-14_14-00-09, 50.000000, 24.500000, 22.870000, 23.190000
2022-04-14_14-00-13, 50.000000, 24.500000, 22.690000, 23.120000
2022-04-14_14-00-17, 50.000000, 24.500000, 22.560000, 23.000000
2022-04-14_14-00-21, 50.000000, 24.500000, 22.440000, 22.870000
2022-04-14_14-00-25, 50.000000, 24.500000, 22.310000, 22.750000
2022-04-14_14-00-29, 50.000000, 24.500000, 22.190000, 22.620000
2022-04-14_14-00-33, 50.000000, 24.500000, 22.060000, 22.500000
2022-04-14_14-00-37, 50.100000, 24.500000, 21.940000, 22.370000
2022-04-14_14-00-42, 50.300000, 24.500000, 21.750000, 22.250000
2022-04-14_14-00-46, 50.300000, 24.500000, 21.620000, 22.120000
2022-04-14_14-00-50, 50.400000, 24.500000, 21.500000, 22.000000
2022-04-14_14-00-54, 50.500000, 24.500000, 21.370000, 21.870000
2022-04-14_14-00-58, 50.500000, 24.600000, 21.250000, 21.750000
2022-04-14_14-01-02, 50.200000, 24.500000, 21.120000, 21.620000
2022-04-14_14-01-06, 50.100000, 24.500000, 20.940000, 21.500000
2022-04-14_14-01-10, 50.200000, 24.500000, 20.870000, 21.370000
2022-04-14_14-01-14, 50.000000, 24.600000, 20.690000, 21.250000
2022-04-14_14-01-19, 50.000000, 24.500000, 20.560000, 21.060000
2022-04-14_14-01-23, 49.900000, 24.500000, 20.440000, 21.000000
2022-04-14_14-01-27, 49.900000, 24.600000, 20.250000, 20.810000
2022-04-14_14-01-31, 49.900000, 24.500000, 20.120000, 20.690000
2022-04-14_14-01-35, 50.000000, 24.500000, 19.940000, 20.500000
2022-04-14_14-01-39, 50.000000, 24.500000, 19.870000, 20.440000
2022-04-14_14-01-43, 49.900000, 24.500000, 19.690000, 20.250000
2022-04-14_14-01-47, 50.000000, 24.500000, 19.560000, 20.120000
2022-04-14_14-01-51, 50.000000, 24.500000, 19.440000, 20.000000
2022-04-14_14-01-56, 50.000000, 24.500000, 19.250000, 19.870000
2022-04-14_14-02-00, 50.200000, 24.500000, 19.120000, 19.750000
2022-04-14_14-02-04, 50.300000, 24.500000, 19.000000, 19.620000
2022-04-14_14-02-08, 50.500000, 24.500000, 18.870000, 19.440000
2022-04-14_14-02-12, 50.400000, 24.500000, 18.750000, 19.370000
2022-04-14_14-02-16, 50.400000, 24.500000, 18.560000, 19.190000
2022-04-14_14-02-20, 50.500000, 24.500000, 18.440000, 19.120000
2022-04-14_14-02-24, 50.500000, 24.500000, 18.310000, 18.940000
2022-04-14_14-02-28, 50.400000, 24.500000, 18.190000, 18.810000
2022-04-14_14-02-32, 50.400000, 24.500000, 18.000000, 18.690000
2022-04-14_14-02-37, 50.500000, 24.500000, 17.870000, 18.560000
2022-04-14_14-02-41, 50.400000, 24.500000, 17.750000, 18.440000
2022-04-14_14-02-45, 50.400000, 24.500000, 17.620000, 18.310000
2022-04-14_14-02-49, 50.300000, 24.400000, 17.500000, 18.120000
2022-04-14_14-02-53, 50.100000, 24.400000, 17.370000, 18.000000
2022-04-14_14-02-57, 50.200000, 24.500000, 17.190000, 17.870000
2022-04-14_14-03-01, 50.300000, 24.400000, 17.060000, 17.810000
2022-04-14_14-03-05, 50.500000, 24.400000, 16.940000, 17.690000
2022-04-14_14-03-09, 50.500000, 24.400000, 16.750000, 17.560000
2022-04-14_14-03-14, 50.500000, 24.400000, 16.620000, 17.500000
2022-04-14_14-03-18, 50.500000, 24.400000, 16.560000, 17.310000
2022-04-14_14-03-22, 50.600000, 24.400000, 16.370000, 17.190000
2022-04-14_14-03-26, 50.600000, 24.400000, 16.250000, 17.060000
2022-04-14_14-03-30, 50.600000, 24.400000, 16.120000, 16.940000
2022-04-14_14-03-34, 50.600000, 24.400000, 16.000000, 16.810000
2022-04-14_14-03-38, 50.600000, 24.400000, 15.880000, 16.620000
2022-04-14_14-03-42, 50.600000, 24.400000, 15.750000, 16.500000
2022-04-14_14-03-46, 50.500000, 24.400000, 15.630000, 16.370000
2022-04-14_14-03-51, 50.500000, 24.400000, 15.690000, 16.250000
2022-04-14_14-03-55, 50.500000, 24.400000, 15.560000, 16.120000
2022-04-14_14-03-59, 50.500000, 24.400000, 15.380000, 16.000000
2022-04-14_14-04-03, 50.500000, 24.400000, 15.190000, 15.810000
2022-04-14_14-04-07, 50.700000, 24.400000, 15.000000, 15.690000
2022-04-14_14-04-11, 50.500000, 24.300000, 14.880000, 15.560000
2022-04-14_14-04-15, 50.300000, 24.400000, 14.750000, 15.440000
2022-04-14_14-04-19, 50.200000, 24.400000, 14.630000, 15.310000
2022-04-14_14-04-23, 50.200000, 24.300000, 14.440000, 15.250000
2022-04-14_14-04-27, 50.400000, 24.400000, 14.380000, 15.130000
2022-04-14_14-04-32, 50.400000, 24.300000, 14.190000, 15.000000
2022-04-14_14-04-36, 50.500000, 24.300000, 14.130000, 14.880000
2022-04-14_14-04-40, 50.500000, 24.300000, 14.000000, 14.750000
2022-04-14_14-04-44, 50.500000, 24.400000, 13.880000, 14.630000
2022-04-14_14-04-48, 50.400000, 24.300000, 13.750000, 14.500000
2022-04-14_14-04-52, 50.400000, 24.300000, 13.630000, 14.380000
2022-04-14_14-04-56, 50.400000, 24.300000, 13.560000, 14.250000
2022-04-14_14-05-00, 50.300000, 24.300000, 13.440000, 14.130000
2022-04-14_14-05-04, 50.300000, 24.300000, 13.380000, 14.000000
2022-04-14_14-05-09, 50.100000, 24.300000, 13.250000, 13.940000
2022-04-14_14-05-13, 50.300000, 24.300000, 13.130000, 13.880000
2022-04-14_14-05-17, 50.300000, 24.300000, 13.000000, 13.750000
2022-04-14_14-05-21, 50.400000, 24.300000, 12.880000, 13.630000
2022-04-14_14-05-25, 50.400000, 24.300000, 12.750000, 13.500000
2022-04-14_14-05-29, 50.500000, 24.300000, 12.630000, 13.440000
2022-04-14_14-05-33, 50.500000, 24.300000, 12.500000, 13.310000
2022-04-14_14-05-37, 50.300000, 24.300000, 12.380000, 13.190000
2022-04-14_14-05-41, 50.200000, 24.300000, 12.250000, 13.130000
2022-04-14_14-05-46, 49.900000, 24.300000, 12.130000, 13.000000
2022-04-14_14-05-50, 49.800000, 24.300000, 12.060000, 12.940000
2022-04-14_14-05-54, 49.800000, 24.300000, 11.940000, 12.810000
2022-04-14_14-05-58, 49.800000, 24.300000, 11.810000, 12.690000
2022-04-14_14-06-02, 49.800000, 24.300000, 11.750000, 12.630000
2022-04-14_14-06-06, 49.800000, 24.300000, 11.630000, 12.500000
2022-04-14_14-06-10, 49.800000, 24.300000, 11.560000, 12.380000
2022-04-14_14-06-14, 50.000000, 24.300000, 11.440000, 12.310000
2022-04-14_14-06-18, 50.100000, 24.300000, 11.310000, 12.190000
2022-04-14_14-06-22, 50.300000, 24.300000, 11.190000, 12.130000
2022-04-14_14-06-27, 50.500000, 24.300000, 11.130000, 12.000000
2022-04-14_14-06-31, 50.600000, 24.300000, 11.060000, 11.880000
2022-04-14_14-06-35, 50.600000, 24.300000, 10.880000, 11.810000
2022-04-14_14-06-39, 50.400000, 24.300000, 10.810000, 11.690000
2022-04-14_14-06-43, 50.200000, 24.300000, 10.690000, 11.630000
2022-04-14_14-06-47, 50.200000, 24.300000, 10.630000, 11.500000
2022-04-14_14-06-51, 49.800000, 24.300000, 10.500000, 11.380000
2022-04-14_14-06-55, 49.800000, 24.200000, 10.440000, 11.310000
2022-04-14_14-06-59, 49.800000, 24.200000, 10.380000, 11.190000
2022-04-14_14-07-04, 50.100000, 24.200000, 10.440000, 11.130000
2022-04-14_14-07-08, 49.900000, 24.200000, 10.500000, 11.130000
2022-04-14_14-07-12, 50.000000, 24.200000, 10.630000, 11.060000
2022-04-14_14-07-16, 50.000000, 24.200000, 10.690000, 11.130000
2022-04-14_14-07-20, 50.100000, 24.200000, 10.810000, 11.190000
2022-04-14_14-07-24, 50.300000, 24.100000, 10.940000, 11.250000
2022-04-14_14-07-28, 50.600000, 24.100000, 11.000000, 11.310000
2022-04-14_14-07-32, 50.800000, 24.100000, 11.060000, 11.380000
2022-04-14_14-07-36, 50.900000, 24.200000, 11.130000, 11.380000
2022-04-14_14-07-40, 50.800000, 24.100000, 11.190000, 11.440000
2022-04-14_14-07-45, 50.900000, 24.100000, 11.190000, 11.500000
2022-04-14_14-07-49, 51.100000, 24.100000, 11.250000, 11.560000
2022-04-14_14-07-53, 51.200000, 24.200000, 11.310000, 11.630000
2022-04-14_14-07-57, 51.100000, 24.100000, 11.380000, 11.630000
2022-04-14_14-08-01, 51.200000, 24.100000, 11.380000, 11.690000
2022-04-14_14-08-05, 51.000000, 24.100000, 11.440000, 11.750000
2022-04-14_14-08-09, 50.800000, 24.200000, 11.440000, 11.750000
2022-04-14_14-08-13, 50.600000, 24.200000, 11.440000, 11.810000
2022-04-14_14-08-17, 50.600000, 24.200000, 11.500000, 11.810000
2022-04-14_14-08-22, 50.400000, 24.200000, 11.560000, 11.880000
2022-04-14_14-08-26, 50.400000, 24.100000, 11.560000, 11.880000
2022-04-14_14-08-30, 50.500000, 24.200000, 11.560000, 11.880000
2022-04-14_14-08-34, 50.500000, 24.200000, 11.630000, 11.940000
2022-04-14_14-08-38, 50.300000, 24.100000, 11.630000, 12.000000
2022-04-14_14-08-42, 50.300000, 24.200000, 11.690000, 12.000000
2022-04-14_14-08-46, 50.200000, 24.200000, 11.750000, 12.000000
2022-04-14_14-08-50, 50.300000, 24.200000, 11.750000, 12.000000
2022-04-14_14-08-54, 50.200000, 24.100000, 11.750000, 12.060000
2022-04-14_14-08-59, 50.100000, 24.200000, 11.810000, 12.130000
2022-04-14_14-09-03, 50.000000, 24.200000, 11.810000, 12.130000
2022-04-14_14-09-07, 50.200000, 24.200000, 11.880000, 12.130000
2022-04-14_14-09-11, 50.200000, 24.100000, 11.880000, 12.130000
2022-04-14_14-09-15, 50.200000, 24.100000, 11.940000, 12.190000
2022-04-14_14-09-19, 50.100000, 24.100000, 12.000000, 12.190000
2022-04-14_14-09-23, 49.900000, 24.100000, 12.000000, 12.190000
2022-04-14_14-09-27, 50.000000, 24.100000, 12.000000, 12.250000
2022-04-14_14-09-31, 50.000000, 24.100000, 12.000000, 12.250000
2022-04-14_14-09-35, 49.900000, 24.100000, 12.060000, 12.310000
2022-04-14_14-09-40, 49.900000, 24.100000, 12.060000, 12.310000
2022-04-14_14-09-44, 50.000000, 24.100000, 12.060000, 12.310000
2022-04-14_14-09-48, 50.200000, 24.100000, 12.060000, 12.380000
2022-04-14_14-09-52, 50.600000, 24.100000, 12.130000, 12.380000
2022-04-14_14-09-56, 50.900000, 24.100000, 12.130000, 12.440000
2022-04-14_14-10-00, 50.900000, 24.100000, 12.190000, 12.500000
2022-04-14_14-10-04, 51.100000, 24.100000, 12.190000, 12.500000
2022-04-14_14-10-08, 51.100000, 24.100000, 12.250000, 12.500000
2022-04-14_14-10-12, 51.100000, 24.100000, 12.250000, 12.560000
2022-04-14_14-10-17, 51.100000, 24.100000, 12.250000, 12.560000
2022-04-14_14-10-21, 51.100000, 24.100000, 12.310000, 12.630000
2022-04-14_14-10-25, 51.200000, 24.100000, 12.310000, 12.630000
2022-04-14_14-10-29, 51.200000, 24.100000, 12.380000, 12.630000
2022-04-14_14-10-33, 51.100000, 24.100000, 12.380000, 12.690000
2022-04-14_14-10-37, 51.100000, 24.100000, 12.440000, 12.690000
2022-04-14_14-10-41, 51.000000, 24.100000, 12.440000, 12.690000
2022-04-14_14-10-45, 50.900000, 24.100000, 12.440000, 12.690000
2022-04-14_14-10-49, 51.000000, 24.100000, 12.440000, 12.750000
2022-04-14_14-10-54, 51.000000, 24.100000, 12.500000, 12.750000
2022-04-14_14-10-58, 50.800000, 24.100000, 12.500000, 12.810000
2022-04-14_14-11-02, 50.700000, 24.100000, 12.500000, 12.880000
2022-04-14_14-11-06, 51.000000, 24.100000, 12.560000, 12.880000
2022-04-14_14-11-10, 51.000000, 24.100000, 12.560000, 12.940000
2022-04-14_14-11-14, 51.100000, 24.100000, 12.630000, 12.940000
2022-04-14_14-11-18, 51.100000, 24.100000, 12.630000, 12.940000
2022-04-14_14-11-22, 51.100000, 24.100000, 12.630000, 12.940000
2022-04-14_14-11-26, 51.100000, 24.100000, 12.690000, 12.940000
2022-04-14_14-11-30, 51.200000, 24.100000, 12.690000, 12.940000
2022-04-14_14-11-35, 51.300000, 24.100000, 12.690000, 12.940000
2022-04-14_14-11-39, 51.300000, 24.100000, 12.690000, 12.940000
2022-04-14_14-11-43, 51.100000, 24.100000, 12.750000, 12.940000
2022-04-14_14-11-47, 51.200000, 24.100000, 12.750000, 13.000000
2022-04-14_14-11-51, 51.200000, 24.100000, 12.750000, 13.000000
2022-04-14_14-11-55, 51.200000, 24.100000, 12.750000, 13.000000
2022-04-14_14-11-59, 51.200000, 24.100000, 12.880000, 13.130000
2022-04-14_14-12-03, 51.400000, 24.100000, 12.940000, 13.190000
2022-04-14_14-12-07, 51.500000, 24.100000, 12.940000, 13.250000
2022-04-14_14-12-12, 51.500000, 24.000000, 12.940000, 13.190000
2022-04-14_14-12-16, 51.500000, 24.100000, 13.000000, 13.250000
2022-04-14_14-12-20, 51.500000, 24.000000, 13.000000, 13.250000
2022-04-14_14-12-24, 51.500000, 24.000000, 13.060000, 13.310000
2022-04-14_14-12-28, 51.500000, 24.000000, 13.060000, 13.310000
2022-04-14_14-12-32, 51.500000, 24.000000, 13.060000, 13.380000
2022-04-14_14-12-36, 51.400000, 24.000000, 13.060000, 13.380000
2022-04-14_14-12-40, 51.500000, 24.000000, 13.130000, 13.380000
2022-04-14_14-12-44, 51.500000, 24.000000, 13.130000, 13.380000
2022-04-14_14-12-49, 51.400000, 24.000000, 13.130000, 13.380000
2022-04-14_14-12-53, 51.500000, 24.000000, 13.130000, 13.380000
2022-04-14_14-12-57, 51.500000, 24.000000, 13.190000, 13.380000
2022-04-14_14-13-01, 51.500000, 24.000000, 13.190000, 13.380000
2022-04-14_14-13-05, 51.500000, 24.000000, 13.190000, 13.440000
2022-04-14_14-13-09, 51.500000, 24.000000, 13.250000, 13.440000
2022-04-14_14-13-13, 51.500000, 24.000000, 13.250000, 13.500000
2022-04-14_14-13-17, 51.600000, 24.000000, 13.250000, 13.500000
2022-04-14_14-13-21, 51.600000, 24.000000, 13.310000, 13.500000
2022-04-14_14-13-25, 51.600000, 24.000000, 13.310000, 13.500000
2022-04-14_14-13-30, 51.500000, 24.000000, 13.380000, 13.500000
2022-04-14_14-13-34, 51.500000, 24.000000, 13.380000, 13.560000
2022-04-14_14-13-38, 51.300000, 24.000000, 13.440000, 13.630000
2022-04-14_14-13-42, 51.200000, 24.000000, 13.440000, 13.630000
2022-04-14_14-13-46, 51.200000, 24.000000, 13.440000, 13.630000
2022-04-14_14-13-50, 51.200000, 24.000000, 13.440000, 13.630000
2022-04-14_14-13-54, 51.100000, 24.000000, 13.440000, 13.630000
2022-04-14_14-13-58, 51.100000, 24.000000, 13.500000, 13.690000
2022-04-14_14-14-02, 51.100000, 24.000000, 13.500000, 13.690000
2022-04-14_14-14-07, 51.100000, 24.000000, 13.560000, 13.690000
2022-04-14_14-14-11, 51.100000, 24.000000, 13.560000, 13.690000
2022-04-14_14-14-15, 51.100000, 24.000000, 13.560000, 13.750000
2022-04-14_14-14-19, 51.100000, 24.000000, 13.630000, 13.750000
2022-04-14_14-14-23, 51.000000, 24.000000, 13.630000, 13.750000
2022-04-14_14-14-27, 51.000000, 24.000000, 13.630000, 13.810000
2022-04-14_14-14-31, 51.100000, 24.000000, 13.630000, 13.810000
2022-04-14_14-14-35, 51.100000, 24.000000, 13.690000, 13.810000
2022-04-14_14-14-39, 51.000000, 23.900000, 13.690000, 13.880000
2022-04-14_14-14-44, 51.100000, 24.000000, 13.750000, 13.880000
2022-04-14_14-14-48, 51.100000, 24.000000, 13.750000, 13.940000
2022-04-14_14-14-52, 51.100000, 24.000000, 13.750000, 13.940000
2022-04-14_14-14-56, 51.100000, 24.000000, 13.750000, 13.940000
2022-04-14_14-15-00, 51.200000, 24.000000, 13.810000, 13.940000
2022-04-14_14-15-04, 51.200000, 24.000000, 13.880000, 13.940000
2022-04-14_14-15-08, 51.300000, 24.000000, 13.880000, 14.000000
2022-04-14_14-15-12, 51.300000, 24.000000, 13.940000, 14.000000
2022-04-14_14-15-16, 51.300000, 24.000000, 13.940000, 14.000000
2022-04-14_14-15-20, 51.300000, 24.000000, 13.940000, 14.060000
2022-04-14_14-15-25, 51.200000, 24.000000, 13.940000, 14.000000
2022-04-14_14-15-29, 51.100000, 24.000000, 13.940000, 14.060000
2022-04-14_14-15-33, 51.000000, 24.000000, 13.940000, 14.060000
2022-04-14_14-15-37, 51.000000, 24.000000, 14.000000, 14.130000
2022-04-14_14-15-41, 51.000000, 24.000000, 14.000000, 14.130000
2022-04-14_14-15-45, 51.100000, 24.000000, 14.000000, 14.130000
2022-04-14_14-15-49, 51.100000, 24.000000, 14.060000, 14.190000
2022-04-14_14-15-53, 51.100000, 24.000000, 14.060000, 14.250000
2022-04-14_14-15-57, 50.900000, 24.000000, 14.060000, 14.250000
2022-04-14_14-16-02, 50.900000, 24.000000, 14.060000, 14.250000
2022-04-14_14-16-06, 50.900000, 24.000000, 14.130000, 14.250000
2022-04-14_14-16-10, 50.800000, 24.000000, 14.130000, 14.310000
2022-04-14_14-16-14, 50.800000, 24.000000, 14.130000, 14.310000
2022-04-14_14-16-18, 50.800000, 24.000000, 14.190000, 14.310000
2022-04-14_14-16-22, 51.100000, 24.000000, 14.190000, 14.310000
2022-04-14_14-16-26, 51.100000, 24.000000, 14.190000, 14.380000
2022-04-14_14-16-30, 51.200000, 24.000000, 14.190000, 14.380000
2022-04-14_14-16-34, 51.200000, 24.000000, 14.250000, 14.380000
2022-04-14_14-16-38, 51.200000, 24.000000, 14.250000, 14.380000
2022-04-14_14-16-43, 51.200000, 24.000000, 14.310000, 14.440000
2022-04-14_14-16-47, 51.200000, 24.000000, 14.310000, 14.440000
2022-04-14_14-16-51, 51.000000, 24.000000, 14.310000, 14.440000
2022-04-14_14-16-55, 51.000000, 24.000000, 14.380000, 14.440000
2022-04-14_14-16-59, 51.100000, 24.000000, 14.380000, 14.500000
2022-04-14_14-17-03, 51.100000, 24.000000, 14.380000, 14.500000
2022-04-14_14-17-07, 51.000000, 24.000000, 14.440000, 14.500000
2022-04-14_14-17-11, 51.100000, 24.000000, 14.440000, 14.500000
2022-04-14_14-17-15, 51.100000, 24.000000, 14.440000, 14.500000
2022-04-14_14-17-20, 51.100000, 24.000000, 14.440000, 14.630000
2022-04-14_14-17-24, 51.200000, 24.000000, 14.500000, 14.630000
2022-04-14_14-17-28, 51.200000, 24.000000, 14.500000, 14.560000
2022-04-14_14-17-32, 51.200000, 24.000000, 14.500000, 14.630000
2022-04-14_14-17-36, 51.200000, 24.000000, 14.560000, 14.690000
2022-04-14_14-17-40, 51.200000, 24.000000, 14.560000, 14.690000
2022-04-14_14-17-44, 51.200000, 24.000000, 14.560000, 14.690000
2022-04-14_14-17-48, 51.200000, 24.000000, 14.560000, 14.690000
2022-04-14_14-17-52, 51.100000, 24.000000, 14.630000, 14.690000
2022-04-14_14-17-57, 51.000000, 24.000000, 14.630000, 14.750000
2022-04-14_14-18-01, 50.900000, 24.000000, 14.690000, 14.750000
2022-04-14_14-18-05, 50.900000, 24.000000, 14.690000, 14.750000
2022-04-14_14-18-09, 50.900000, 24.000000, 14.690000, 14.750000
2022-04-14_14-18-13, 50.900000, 24.000000, 14.690000, 14.810000
2022-04-14_14-18-17, 51.000000, 24.000000, 14.750000, 14.810000
2022-04-14_14-18-21, 51.200000, 24.000000, 14.750000, 14.810000
2022-04-14_14-18-25, 51.300000, 24.000000, 14.750000, 14.880000
2022-04-14_14-18-29, 51.400000, 24.000000, 14.810000, 14.880000
2022-04-14_14-18-33, 51.500000, 24.000000, 14.810000, 14.880000
2022-04-14_14-18-38, 51.700000, 24.000000, 14.880000, 14.940000
2022-04-14_14-18-42, 51.500000, 24.000000, 14.880000, 14.940000
2022-04-14_14-18-46, 51.300000, 24.000000, 14.880000, 15.000000
2022-04-14_14-18-50, 51.500000, 24.000000, 14.880000, 15.000000
2022-04-14_14-18-54, 51.500000, 24.000000, 14.880000, 15.000000
2022-04-14_14-18-58, 51.600000, 24.000000, 14.940000, 15.060000
2022-04-14_14-19-02, 51.600000, 24.000000, 14.940000, 15.060000
2022-04-14_14-19-06, 51.600000, 24.000000, 14.940000, 15.060000
2022-04-14_14-19-10, 51.600000, 24.000000, 14.940000, 15.060000
2022-04-14_14-19-15, 51.500000, 24.000000, 15.000000, 15.130000
2022-04-14_14-19-19, 51.500000, 24.100000, 15.000000, 15.130000
2022-04-14_14-19-23, 51.400000, 24.100000, 15.000000, 15.130000
2022-04-14_14-19-27, 51.400000, 24.000000, 15.060000, 15.130000
2022-04-14_14-19-31, 51.300000, 24.000000, 15.060000, 15.130000
2022-04-14_14-19-35, 51.400000, 24.000000, 15.060000, 15.190000
2022-04-14_14-19-39, 51.500000, 24.100000, 15.060000, 15.190000
2022-04-14_14-19-43, 51.400000, 24.000000, 15.130000, 15.190000
2022-04-14_14-19-47, 51.400000, 24.000000, 15.130000, 15.190000
2022-04-14_14-19-52, 51.300000, 24.000000, 15.130000, 15.250000
2022-04-14_14-19-56, 51.200000, 24.000000, 15.130000, 15.250000
2022-04-14_14-20-00, 51.100000, 24.000000, 15.190000, 15.310000
2022-04-14_14-20-04, 51.100000, 24.000000, 15.190000, 15.250000
2022-04-14_14-20-08, 51.000000, 24.000000, 15.190000, 15.310000
2022-04-14_14-20-12, 51.000000, 24.000000, 15.190000, 15.310000
2022-04-14_14-20-16, 51.100000, 24.000000, 15.250000, 15.380000
2022-04-14_14-20-20, 51.000000, 24.000000, 15.250000, 15.380000
2022-04-14_14-20-24, 51.200000, 24.000000, 15.250000, 15.380000
2022-04-14_14-20-28, 51.700000, 24.000000, 15.250000, 15.380000
2022-04-14_14-20-33, 51.700000, 24.000000, 15.310000, 15.440000
2022-04-14_14-20-37, 51.600000, 24.000000, 15.310000, 15.440000
2022-04-14_14-20-41, 51.500000, 24.000000, 15.310000, 15.440000
2022-04-14_14-20-45, 51.400000, 24.000000, 15.380000, 15.440000
2022-04-14_14-20-49, 51.400000, 24.000000, 15.380000, 15.440000
2022-04-14_14-20-53, 51.300000, 24.000000, 15.380000, 15.440000
2022-04-14_14-20-57, 51.200000, 24.000000, 15.440000, 15.500000
2022-04-14_14-21-01, 51.100000, 24.000000, 15.440000, 15.500000
2022-04-14_14-21-05, 51.200000, 24.000000, 15.440000, 15.500000
2022-04-14_14-21-10, 52.500000, 24.100000, 15.440000, 15.560000
2022-04-14_14-21-14, 52.100000, 24.100000, 15.440000, 15.560000
2022-04-14_14-21-18, 51.900000, 24.100000, 15.440000, 15.630000
2022-04-14_14-21-22, 51.800000, 24.100000, 15.500000, 15.630000
2022-04-14_14-21-26, 51.600000, 24.100000, 15.500000, 15.630000
2022-04-14_14-21-30, 51.400000, 24.100000, 15.560000, 15.630000
2022-04-14_14-21-34, 51.300000, 24.100000, 15.560000, 15.690000
2022-04-14_14-21-38, 51.200000, 24.000000, 15.560000, 15.690000
2022-04-14_14-21-42, 51.300000, 24.100000, 15.560000, 15.750000
2022-04-14_14-21-46, 51.300000, 24.100000, 15.560000, 15.750000
2022-04-14_14-21-51, 51.200000, 24.100000, 15.630000, 15.750000
2022-04-14_14-21-55, 51.100000, 24.000000, 15.630000, 15.750000
2022-04-14_14-21-59, 51.200000, 24.000000, 15.630000, 15.810000
2022-04-14_14-22-03, 51.100000, 24.000000, 15.690000, 15.810000
2022-04-14_14-22-07, 51.100000, 24.000000, 15.690000, 15.810000
2022-04-14_14-22-11, 51.100000, 24.000000, 15.690000, 15.810000
2022-04-14_14-22-15, 51.200000, 24.000000, 15.690000, 15.880000
2022-04-14_14-22-19, 51.200000, 24.000000, 15.750000, 15.880000
2022-04-14_14-22-23, 51.100000, 24.000000, 15.750000, 15.880000
2022-04-14_14-22-28, 51.100000, 24.000000, 15.750000, 15.880000
2022-04-14_14-22-32, 51.100000, 24.000000, 15.750000, 15.940000
2022-04-14_14-22-36, 50.900000, 24.000000, 15.750000, 15.940000
2022-04-14_14-22-40, 50.800000, 24.000000, 15.810000, 15.940000
2022-04-14_14-22-44, 50.800000, 24.000000, 15.810000, 15.940000
2022-04-14_14-22-48, 50.700000, 24.000000, 15.810000, 16.000000
2022-04-14_14-22-52, 50.700000, 24.000000, 15.880000, 16.000000
2022-04-14_14-22-56, 50.700000, 24.000000, 15.880000, 16.000000
2022-04-14_14-23-00, 50.800000, 24.000000, 15.880000, 16.000000
2022-04-14_14-23-05, 50.800000, 24.000000, 15.940000, 16.000000
2022-04-14_14-23-09, 50.900000, 24.000000, 15.940000, 16.000000
2022-04-14_14-23-13, 50.900000, 24.000000, 15.940000, 16.000000
2022-04-14_14-23-17, 51.100000, 24.000000, 15.940000, 16.060000
2022-04-14_14-23-21, 51.100000, 24.000000, 15.940000, 16.060000
2022-04-14_14-23-25, 51.000000, 24.000000, 15.940000, 16.060000
2022-04-14_14-23-29, 51.000000, 24.000000, 16.000000, 16.120000
2022-04-14_14-23-33, 50.900000, 24.000000, 16.060000, 16.120000
2022-04-14_14-23-37, 50.900000, 24.000000, 16.060000, 16.190000
2022-04-14_14-23-41, 50.800000, 24.000000, 16.060000, 16.120000
2022-04-14_14-23-46, 50.900000, 24.100000, 16.060000, 16.120000
2022-04-14_14-23-50, 50.800000, 24.000000, 16.120000, 16.190000
2022-04-14_14-23-54, 50.800000, 24.100000, 16.120000, 16.190000
2022-04-14_14-23-58, 50.900000, 24.100000, 16.120000, 16.190000
2022-04-14_14-24-02, 51.000000, 24.100000, 16.120000, 16.190000
2022-04-14_14-24-06, 51.000000, 24.100000, 16.190000, 16.250000
2022-04-14_14-24-10, 50.800000, 24.000000, 16.190000, 16.250000
2022-04-14_14-24-14, 50.800000, 24.000000, 16.250000, 16.250000
2022-04-14_14-24-18, 50.900000, 24.100000, 16.310000, 16.310000
2022-04-14_14-24-23, 50.900000, 24.100000, 16.370000, 16.310000
2022-04-14_14-24-27, 51.100000, 24.100000, 16.370000, 16.310000
2022-04-14_14-24-31, 51.100000, 24.100000, 16.440000, 16.310000
2022-04-14_14-24-35, 51.000000, 24.100000, 16.440000, 16.370000
2022-04-14_14-24-39, 51.000000, 24.100000, 16.500000, 16.370000
2022-04-14_14-24-43, 51.100000, 24.100000, 16.560000, 16.370000
2022-04-14_14-24-47, 51.100000, 24.100000, 16.560000, 16.370000
2022-04-14_14-24-51, 51.000000, 24.100000, 16.620000, 16.440000
2022-04-14_14-24-55, 51.100000, 24.100000, 16.620000, 16.440000
2022-04-14_14-25-00, 51.000000, 24.100000, 16.620000, 16.440000
2022-04-14_14-25-04, 51.100000, 24.100000, 16.690000, 16.500000
2022-04-14_14-25-08, 51.000000, 24.100000, 16.690000, 16.500000
2022-04-14_14-25-12, 51.000000, 24.100000, 16.690000, 16.500000
2022-04-14_14-25-16, 50.800000, 24.100000, 16.690000, 16.500000
2022-04-14_14-25-20, 50.800000, 24.200000, 16.750000, 16.500000
2022-04-14_14-25-24, 50.700000, 24.100000, 16.750000, 16.500000
2022-04-14_14-25-28, 50.600000, 24.100000, 16.750000, 16.560000
2022-04-14_14-25-32, 50.700000, 24.200000, 16.750000, 16.620000
2022-04-14_14-25-36, 50.800000, 24.200000, 16.750000, 16.560000
2022-04-14_14-25-41, 51.300000, 24.200000, 16.810000, 16.560000
2022-04-14_14-25-45, 51.200000, 24.200000, 16.810000, 16.620000
2022-04-14_14-25-49, 51.200000, 24.200000, 16.750000, 16.500000
2022-04-14_14-25-53, 51.100000, 24.200000, 16.750000, 16.500000
2022-04-14_14-25-57, 51.000000, 24.200000, 16.750000, 16.500000
2022-04-14_14-26-01, 51.000000, 24.200000, 16.690000, 16.440000
2022-04-14_14-26-05, 50.900000, 24.200000, 16.690000, 16.370000
2022-04-14_14-26-09, 50.900000, 24.200000, 16.620000, 16.310000
2022-04-14_14-26-13, 50.800000, 24.200000, 16.560000, 16.190000
2022-04-14_14-26-18, 50.700000, 24.200000, 16.500000, 16.120000
2022-04-14_14-26-22, 50.700000, 24.200000, 16.440000, 16.060000
2022-04-14_14-26-26, 50.700000, 24.200000, 16.370000, 15.940000
2022-04-14_14-26-30, 50.700000, 24.200000, 16.250000, 15.880000
2022-04-14_14-26-34, 50.700000, 24.200000, 16.190000, 15.750000
2022-04-14_14-26-38, 50.800000, 24.200000, 16.060000, 15.630000
2022-04-14_14-26-42, 50.800000, 24.200000, 16.000000, 15.500000
2022-04-14_14-26-46, 50.900000, 24.200000, 15.940000, 15.440000
2022-04-14_14-26-50, 51.100000, 24.200000, 15.880000, 15.380000
2022-04-14_14-26-55, 51.100000, 24.200000, 15.880000, 15.380000
2022-04-14_14-26-59, 51.200000, 24.200000, 15.880000, 15.310000
2022-04-14_14-27-03, 51.200000, 24.200000, 15.810000, 15.380000
2022-04-14_14-27-07, 51.200000, 24.200000, 15.880000, 15.440000
2022-04-14_14-27-11, 51.200000, 24.200000, 15.880000, 15.500000
2022-04-14_14-27-15, 51.200000, 24.200000, 15.940000, 15.560000
2022-04-14_14-27-19, 51.200000, 24.200000, 15.940000, 15.630000
2022-04-14_14-27-23, 51.200000, 24.200000, 16.000000, 15.750000
2022-04-14_14-27-27, 51.100000, 24.200000, 16.060000, 15.810000
2022-04-14_14-27-31, 51.100000, 24.200000, 16.120000, 15.880000
2022-04-14_14-27-36, 51.100000, 24.200000, 16.190000, 16.000000
2022-04-14_14-27-40, 51.100000, 24.200000, 16.250000, 16.120000
2022-04-14_14-27-44, 51.100000, 24.200000, 16.370000, 16.190000
2022-04-14_14-27-48, 51.100000, 24.200000, 16.440000, 16.250000
2022-04-14_14-27-52, 51.200000, 24.200000, 16.500000, 16.370000
2022-04-14_14-27-56, 51.200000, 24.200000, 16.560000, 16.440000
2022-04-14_14-28-00, 51.200000, 24.200000, 16.620000, 16.500000
2022-04-14_14-28-04, 51.100000, 24.200000, 16.690000, 16.620000
2022-04-14_14-28-08, 51.100000, 24.200000, 16.750000, 16.690000
2022-04-14_14-28-13, 51.100000, 24.200000, 16.810000, 16.750000
2022-04-14_14-28-17, 51.100000, 24.200000, 16.870000, 16.810000
2022-04-14_14-28-21, 51.100000, 24.200000, 16.940000, 16.870000
2022-04-14_14-28-25, 50.900000, 24.200000, 17.000000, 16.870000
2022-04-14_14-28-29, 50.900000, 24.200000, 17.000000, 16.940000
2022-04-14_14-28-33, 50.800000, 24.200000, 17.060000, 16.870000
2022-04-14_14-28-37, 50.800000, 24.200000, 17.000000, 16.940000
2022-04-14_14-28-41, 50.600000, 24.100000, 17.060000, 16.870000
2022-04-14_14-28-45, 51.000000, 24.100000, 17.000000, 16.870000
2022-04-14_14-28-49, 51.100000, 24.100000, 17.000000, 16.870000
2022-04-14_14-28-54, 51.200000, 24.200000, 17.000000, 16.870000
2022-04-14_14-28-58, 51.000000, 24.200000, 16.940000, 16.810000
2022-04-14_14-29-02, 50.900000, 24.200000, 16.940000, 16.750000
2022-04-14_14-29-06, 51.700000, 24.200000, 16.870000, 16.690000
2022-04-14_14-29-10, 51.900000, 24.200000, 16.810000, 16.620000
2022-04-14_14-29-14, 53.000000, 24.200000, 16.750000, 16.500000
2022-04-14_14-29-18, 52.400000, 24.200000, 16.690000, 16.370000
2022-04-14_14-29-22, 51.900000, 24.300000, 16.620000, 16.310000
2022-04-14_14-29-26, 51.500000, 24.300000, 16.500000, 16.250000
2022-04-14_14-29-31, 51.200000, 24.300000, 16.440000, 16.120000
2022-04-14_14-29-35, 51.200000, 24.300000, 16.370000, 16.000000
2022-04-14_14-29-39, 51.100000, 24.300000, 16.250000, 15.940000
2022-04-14_14-29-43, 50.900000, 24.400000, 16.250000, 15.810000
2022-04-14_14-29-47, 50.800000, 24.400000, 16.120000, 15.690000
2022-04-14_14-29-51, 50.800000, 24.400000, 16.000000, 15.560000
2022-04-14_14-29-55, 50.600000, 24.300000, 15.940000, 15.500000
2022-04-14_14-29-59, 50.600000, 24.400000, 15.880000, 15.380000
2022-04-14_14-30-03, 50.500000, 24.300000, 15.750000, 15.310000
2022-04-14_14-30-08, 51.900000, 24.300000, 15.750000, 15.250000
2022-04-14_14-30-12, 51.400000, 24.400000, 15.690000, 15.190000
2022-04-14_14-30-16, 50.900000, 24.400000, 15.690000, 15.250000
2022-04-14_14-30-20, 50.700000, 24.400000, 15.630000, 15.250000
2022-04-14_14-30-24, 50.300000, 24.400000, 15.690000, 15.310000
2022-04-14_14-30-28, 50.400000, 24.400000, 15.690000, 15.380000
2022-04-14_14-30-32, 50.200000, 24.400000, 15.690000, 15.380000
2022-04-14_14-30-36, 50.200000, 24.400000, 15.750000, 15.500000
2022-04-14_14-30-40, 50.100000, 24.400000, 15.750000, 15.560000
2022-04-14_14-30-44, 50.100000, 24.400000, 15.810000, 15.630000
2022-04-14_14-30-49, 50.000000, 24.400000, 15.880000, 15.690000
2022-04-14_14-30-53, 49.900000, 24.400000, 15.940000, 15.750000
2022-04-14_14-30-57, 49.900000, 24.400000, 16.000000, 15.880000
2022-04-14_14-31-01, 49.900000, 24.400000, 16.060000, 15.940000
2022-04-14_14-31-05, 50.000000, 24.400000, 16.120000, 16.000000
2022-04-14_14-31-09, 50.000000, 24.300000, 16.120000, 16.000000
2022-04-14_14-31-13, 50.000000, 24.300000, 16.250000, 16.120000
2022-04-14_14-31-17, 50.100000, 24.300000, 16.370000, 16.190000
2022-04-14_14-31-21, 50.100000, 24.300000, 16.500000, 16.250000
2022-04-14_14-31-26, 50.000000, 24.300000, 16.560000, 16.370000
2022-04-14_14-31-30, 50.000000, 24.300000, 16.620000, 16.500000
2022-04-14_14-31-34, 50.000000, 24.300000, 16.690000, 16.560000
2022-04-14_14-31-38, 50.200000, 24.300000, 16.690000, 16.560000
2022-04-14_14-31-42, 50.200000, 24.300000, 16.750000, 16.620000
2022-04-14_14-31-46, 50.100000, 24.200000, 16.750000, 16.690000
2022-04-14_14-31-50, 50.300000, 24.300000, 16.810000, 16.690000
2022-04-14_14-31-54, 50.300000, 24.200000, 16.870000, 16.750000
2022-04-14_14-31-58, 50.500000, 24.300000, 16.870000, 16.810000
2022-04-14_14-32-03, 50.500000, 24.200000, 16.870000, 16.810000
2022-04-14_14-32-07, 50.500000, 24.200000, 16.940000, 16.870000
2022-04-14_14-32-11, 50.400000, 24.200000, 16.940000, 16.870000
2022-04-14_14-32-15, 50.500000, 24.200000, 16.870000, 16.870000
2022-04-14_14-32-19, 50.500000, 24.200000, 16.870000, 16.870000
2022-04-14_14-32-23, 50.500000, 24.200000, 16.810000, 16.810000
2022-04-14_14-32-27, 50.500000, 24.200000, 16.750000, 16.810000
2022-04-14_14-32-31, 50.600000, 24.300000, 16.750000, 16.750000
2022-04-14_14-32-35, 50.600000, 24.300000, 16.690000, 16.750000
2022-04-14_14-32-39, 50.600000, 24.300000, 16.620000, 16.690000
2022-04-14_14-32-44, 50.500000, 24.200000, 16.560000, 16.620000
2022-04-14_14-32-48, 50.500000, 24.200000, 16.440000, 16.620000
2022-04-14_14-32-52, 50.600000, 24.200000, 16.370000, 16.500000
2022-04-14_14-32-56, 50.600000, 24.300000, 16.250000, 16.440000
2022-04-14_14-33-00, 50.600000, 24.300000, 16.190000, 16.370000
2022-04-14_14-33-04, 50.500000, 24.200000, 16.060000, 16.310000
2022-04-14_14-33-08, 50.500000, 24.200000, 15.940000, 16.190000
2022-04-14_14-33-12, 50.400000, 24.200000, 15.880000, 16.060000
2022-04-14_14-33-16, 50.400000, 24.200000, 15.750000, 16.000000
2022-04-14_14-33-21, 50.200000, 24.200000, 15.630000, 15.880000
2022-04-14_14-33-25, 50.200000, 24.200000, 15.560000, 15.810000
2022-04-14_14-33-29, 50.200000, 24.200000, 15.440000, 15.690000
2022-04-14_14-33-33, 50.200000, 24.200000, 15.310000, 15.630000
2022-04-14_14-33-37, 50.300000, 24.200000, 15.190000, 15.500000
2022-04-14_14-33-41, 50.300000, 24.200000, 15.130000, 15.440000
2022-04-14_14-33-45, 50.200000, 24.100000, 15.000000, 15.310000
2022-04-14_14-33-49, 50.200000, 24.200000, 14.940000, 15.250000
2022-04-14_14-33-53, 50.100000, 24.200000, 14.880000, 15.130000
2022-04-14_14-33-57, 50.000000, 24.100000, 14.940000, 15.130000
2022-04-14_14-34-02, 50.000000, 24.100000, 14.940000, 15.130000
2022-04-14_14-34-06, 50.000000, 24.200000, 15.000000, 15.130000
2022-04-14_14-34-10, 49.900000, 24.100000, 15.060000, 15.190000
2022-04-14_14-34-14, 50.000000, 24.100000, 15.130000, 15.250000
2022-04-14_14-34-18, 50.100000, 24.100000, 15.250000, 15.250000
2022-04-14_14-34-22, 50.200000, 24.100000, 15.380000, 15.310000
2022-04-14_14-34-26, 50.200000, 24.100000, 15.440000, 15.380000
2022-04-14_14-34-30, 50.300000, 24.100000, 15.500000, 15.440000
2022-04-14_14-34-34, 50.400000, 24.100000, 15.630000, 15.500000
2022-04-14_14-34-39, 50.500000, 24.100000, 15.690000, 15.630000
2022-04-14_14-34-43, 50.600000, 24.100000, 15.750000, 15.690000
2022-04-14_14-34-47, 50.600000, 24.100000, 15.810000, 15.750000
2022-04-14_14-34-51, 50.600000, 24.100000, 15.880000, 15.810000
2022-04-14_14-34-55, 50.600000, 24.100000, 15.940000, 15.880000
2022-04-14_14-34-59, 50.800000, 24.100000, 16.000000, 15.940000
2022-04-14_14-35-03, 50.900000, 24.100000, 16.060000, 16.000000
2022-04-14_14-35-07, 51.000000, 24.100000, 16.120000, 16.000000
2022-04-14_14-35-11, 50.900000, 24.000000, 16.190000, 16.060000
2022-04-14_14-35-16, 51.000000, 24.100000, 16.250000, 16.120000
2022-04-14_14-35-20, 51.000000, 24.100000, 16.310000, 16.190000
2022-04-14_14-35-24, 51.100000, 24.000000, 16.310000, 16.250000
2022-04-14_14-35-28, 51.100000, 24.000000, 16.370000, 16.310000
2022-04-14_14-35-32, 51.100000, 24.100000, 16.440000, 16.370000
2022-04-14_14-35-36, 51.100000, 24.100000, 16.440000, 16.370000
2022-04-14_14-35-40, 51.100000, 24.000000, 16.560000, 16.440000
2022-04-14_14-35-44, 51.100000, 24.000000, 16.560000, 16.500000
2022-04-14_14-35-48, 51.100000, 24.100000, 16.620000, 16.560000
2022-04-14_14-35-53, 51.100000, 24.000000, 16.690000, 16.620000
2022-04-14_14-35-57, 51.100000, 24.000000, 16.690000, 16.620000
2022-04-14_14-36-01, 51.100000, 24.000000, 16.750000, 16.690000
2022-04-14_14-36-05, 51.100000, 24.000000, 16.750000, 16.750000
2022-04-14_14-36-09, 51.100000, 24.000000, 16.810000, 16.750000
2022-04-14_14-36-13, 51.100000, 24.000000, 16.810000, 16.750000
2022-04-14_14-36-17, 51.100000, 24.000000, 16.810000, 16.810000
2022-04-14_14-36-21, 51.100000, 24.000000, 16.750000, 16.810000
2022-04-14_14-36-25, 51.100000, 24.000000, 16.750000, 16.750000
2022-04-14_14-36-29, 51.200000, 24.000000, 16.690000, 16.750000
2022-04-14_14-36-34, 51.200000, 24.000000, 16.620000, 16.750000
2022-04-14_14-36-38, 51.200000, 24.000000, 16.620000, 16.690000
2022-04-14_14-36-42, 51.200000, 24.000000, 16.500000, 16.620000
2022-04-14_14-36-46, 51.200000, 24.000000, 16.440000, 16.620000
2022-04-14_14-36-50, 51.200000, 24.000000, 16.370000, 16.560000
2022-04-14_14-36-54, 51.100000, 24.000000, 16.310000, 16.440000
2022-04-14_14-36-58, 51.100000, 24.000000, 16.250000, 16.370000
2022-04-14_14-37-02, 51.100000, 24.000000, 16.120000, 16.310000
2022-04-14_14-37-06, 51.200000, 24.000000, 16.000000, 16.250000
2022-04-14_14-37-11, 51.200000, 24.000000, 15.940000, 16.120000
2022-04-14_14-37-15, 51.200000, 24.000000, 15.810000, 16.060000
2022-04-14_14-37-19, 51.200000, 24.000000, 15.750000, 16.000000
2022-04-14_14-37-23, 51.100000, 24.000000, 15.630000, 15.940000
2022-04-14_14-37-27, 51.000000, 24.000000, 15.560000, 15.880000
2022-04-14_14-37-31, 51.000000, 24.000000, 15.440000, 15.750000
2022-04-14_14-37-35, 51.100000, 24.000000, 15.380000, 15.630000
2022-04-14_14-37-39, 51.100000, 24.000000, 15.190000, 15.500000
2022-04-14_14-37-43, 51.100000, 24.000000, 15.130000, 15.440000
2022-04-14_14-37-47, 51.100000, 24.000000, 15.000000, 15.310000
2022-04-14_14-37-52, 51.100000, 24.000000, 14.940000, 15.250000
2022-04-14_14-37-56, 51.000000, 24.000000, 15.000000, 15.190000
2022-04-14_14-38-00, 50.800000, 24.000000, 15.000000, 15.130000
2022-04-14_14-38-04, 50.700000, 24.000000, 15.060000, 15.190000
2022-04-14_14-38-08, 50.800000, 24.000000, 15.060000, 15.190000
2022-04-14_14-38-12, 50.800000, 24.000000, 15.130000, 15.250000
2022-04-14_14-38-16, 50.700000, 24.000000, 15.250000, 15.310000
2022-04-14_14-38-20, 50.600000, 24.000000, 15.380000, 15.380000
2022-04-14_14-38-24, 50.600000, 24.000000, 15.440000, 15.440000
2022-04-14_14-38-29, 50.800000, 24.000000, 15.560000, 15.500000
2022-04-14_14-38-33, 51.100000, 24.000000, 15.630000, 15.690000
2022-04-14_14-38-37, 50.900000, 24.000000, 15.750000, 15.750000
2022-04-14_14-38-41, 50.900000, 24.000000, 15.810000, 15.880000
2022-04-14_14-38-45, 51.000000, 24.000000, 15.940000, 15.940000
2022-04-14_14-38-49, 50.900000, 24.000000, 16.060000, 16.000000
2022-04-14_14-38-53, 50.800000, 24.000000, 16.120000, 16.120000
2022-04-14_14-38-57, 51.000000, 24.100000, 16.250000, 16.190000
2022-04-14_14-39-01, 50.900000, 24.000000, 16.310000, 16.310000
2022-04-14_14-39-06, 50.900000, 24.000000, 16.440000, 16.370000
2022-04-14_14-39-10, 51.000000, 24.000000, 16.500000, 16.440000
2022-04-14_14-39-14, 51.100000, 24.100000, 16.560000, 16.500000
2022-04-14_14-39-18, 51.000000, 24.000000, 16.690000, 16.560000
2022-04-14_14-39-22, 51.100000, 24.100000, 16.750000, 16.690000
2022-04-14_14-39-26, 51.100000, 24.000000, 16.810000, 16.750000
2022-04-14_14-39-30, 51.100000, 24.100000, 16.870000, 16.810000
2022-04-14_14-39-34, 51.100000, 24.000000, 16.940000, 16.810000
2022-04-14_14-39-38, 51.100000, 24.000000, 17.000000, 16.870000
2022-04-14_14-39-42, 51.000000, 24.100000, 17.060000, 16.940000
2022-04-14_14-39-47, 51.100000, 24.100000, 17.190000, 17.000000
2022-04-14_14-39-51, 51.000000, 24.100000, 17.250000, 17.120000
2022-04-14_14-39-55, 51.000000, 24.100000, 17.250000, 17.190000
2022-04-14_14-39-59, 51.000000, 24.100000, 17.370000, 17.250000
2022-04-14_14-40-03, 51.000000, 24.100000, 17.440000, 17.250000
2022-04-14_14-40-07, 51.000000, 24.100000, 17.440000, 17.310000
2022-04-14_14-40-11, 50.900000, 24.100000, 17.500000, 17.370000
2022-04-14_14-40-15, 50.900000, 24.100000, 17.560000, 17.440000
2022-04-14_14-40-19, 50.800000, 24.100000, 17.620000, 17.500000
2022-04-14_14-40-24, 50.700000, 24.100000, 17.690000, 17.560000
2022-04-14_14-40-28, 50.700000, 24.000000, 17.750000, 17.620000
2022-04-14_14-40-32, 50.700000, 24.100000, 17.810000, 17.620000
2022-04-14_14-40-36, 50.700000, 24.100000, 17.870000, 17.690000
2022-04-14_14-40-40, 50.700000, 24.100000, 17.940000, 17.690000
2022-04-14_14-40-44, 50.800000, 24.100000, 17.940000, 17.690000
2022-04-14_14-40-48, 50.900000, 24.100000, 18.000000, 17.750000
2022-04-14_14-40-52, 51.000000, 24.100000, 18.060000, 17.810000
2022-04-14_14-40-56, 51.000000, 24.100000, 18.120000, 17.870000
2022-04-14_14-41-01, 50.900000, 24.000000, 18.120000, 17.870000
2022-04-14_14-41-05, 51.000000, 24.100000, 18.190000, 17.940000
2022-04-14_14-41-09, 51.100000, 24.100000, 18.250000, 17.940000
2022-04-14_14-41-13, 51.100000, 24.100000, 18.250000, 18.000000
2022-04-14_14-41-17, 51.000000, 24.100000, 18.310000, 18.000000
2022-04-14_14-41-21, 50.900000, 24.100000, 18.370000, 18.060000
2022-04-14_14-41-25, 50.900000, 24.100000, 18.370000, 18.120000
2022-04-14_14-41-29, 50.900000, 24.100000, 18.440000, 18.120000
2022-04-14_14-41-33, 50.800000, 24.100000, 18.500000, 18.190000
2022-04-14_14-41-37, 50.800000, 24.100000, 18.500000, 18.190000
2022-04-14_14-41-42, 50.800000, 24.100000, 18.560000, 18.250000
2022-04-14_14-41-46, 50.800000, 24.100000, 18.620000, 18.310000
2022-04-14_14-41-50, 50.700000, 24.100000, 18.620000, 18.310000
2022-04-14_14-41-54, 50.700000, 24.100000, 18.690000, 18.370000
2022-04-14_14-41-58, 50.600000, 24.000000, 18.690000, 18.370000
2022-04-14_14-42-02, 50.600000, 24.100000, 18.750000, 18.440000
2022-04-14_14-42-06, 50.800000, 24.100000, 18.750000, 18.440000
2022-04-14_14-42-10, 51.100000, 24.100000, 18.810000, 18.500000
2022-04-14_14-42-14, 51.200000, 24.100000, 18.810000, 18.500000
2022-04-14_14-42-19, 51.200000, 24.100000, 18.870000, 18.560000
2022-04-14_14-42-23, 51.200000, 24.100000, 18.870000, 18.560000
2022-04-14_14-42-27, 51.200000, 24.100000, 18.940000, 18.620000
2022-04-14_14-42-31, 51.200000, 24.100000, 18.940000, 18.620000
2022-04-14_14-42-35, 51.100000, 24.100000, 19.000000, 18.690000
2022-04-14_14-42-39, 51.100000, 24.100000, 19.060000, 18.750000
2022-04-14_14-42-43, 51.000000, 24.100000, 19.060000, 18.750000
2022-04-14_14-42-47, 51.100000, 24.100000, 19.120000, 18.810000
2022-04-14_14-42-51, 51.100000, 24.100000, 19.120000, 18.810000
2022-04-14_14-42-55, 51.100000, 24.100000, 19.120000, 18.810000
2022-04-14_14-43-00, 51.100000, 24.100000, 19.190000, 18.870000
2022-04-14_14-43-04, 51.100000, 24.100000, 19.250000, 18.940000
2022-04-14_14-43-08, 51.000000, 24.100000, 19.250000, 18.940000
2022-04-14_14-43-12, 50.900000, 24.100000, 19.250000, 18.940000
2022-04-14_14-43-16, 50.900000, 24.100000, 19.310000, 18.940000
2022-04-14_14-43-20, 50.700000, 24.100000, 19.310000, 19.000000
2022-04-14_14-43-24, 50.700000, 24.100000, 19.370000, 19.000000
2022-04-14_14-43-28, 50.700000, 24.100000, 19.370000, 19.060000
2022-04-14_14-43-32, 50.700000, 24.100000, 19.440000, 19.120000
2022-04-14_14-43-37, 50.700000, 24.100000, 19.440000, 19.120000
2022-04-14_14-43-41, 50.900000, 24.100000, 19.440000, 19.120000
2022-04-14_14-43-45, 50.800000, 24.100000, 19.500000, 19.120000
2022-04-14_14-43-49, 50.800000, 24.100000, 19.500000, 19.190000
2022-04-14_14-43-53, 50.700000, 24.100000, 19.500000, 19.190000
2022-04-14_14-43-57, 50.700000, 24.100000, 19.560000, 19.190000
2022-04-14_14-44-01, 50.700000, 24.100000, 19.560000, 19.250000
2022-04-14_14-44-05, 50.700000, 24.100000, 19.620000, 19.250000
2022-04-14_14-44-09, 50.700000, 24.100000, 19.620000, 19.310000
2022-04-14_14-44-14, 50.700000, 24.100000, 19.690000, 19.310000
2022-04-14_14-44-18, 50.700000, 24.100000, 19.690000, 19.310000
2022-04-14_14-44-22, 50.700000, 24.100000, 19.690000, 19.370000
2022-04-14_14-44-26, 50.700000, 24.100000, 19.750000, 19.370000
2022-04-14_14-44-30, 50.700000, 24.100000, 19.750000, 19.370000
2022-04-14_14-44-34, 50.700000, 24.100000, 19.750000, 19.440000
2022-04-14_14-44-38, 50.700000, 24.100000, 19.750000, 19.440000
2022-04-14_14-44-42, 50.700000, 24.100000, 19.810000, 19.440000
2022-04-14_14-44-46, 50.700000, 24.100000, 19.810000, 19.500000
2022-04-14_14-44-50, 50.800000, 24.100000, 19.870000, 19.500000
2022-04-14_14-44-55, 50.800000, 24.100000, 19.870000, 19.500000
2022-04-14_14-44-59, 50.900000, 24.100000, 19.870000, 19.500000
2022-04-14_14-45-03, 50.800000, 24.000000, 19.940000, 19.500000
2022-04-14_14-45-07, 50.900000, 24.100000, 19.940000, 19.560000
2022-04-14_14-45-11, 50.900000, 24.000000, 19.940000, 19.620000
2022-04-14_14-45-15, 51.000000, 24.100000, 20.000000, 19.620000
2022-04-14_14-45-19, 51.000000, 24.100000, 20.000000, 19.620000
2022-04-14_14-45-23, 51.000000, 24.100000, 20.000000, 19.620000
2022-04-14_14-45-27, 51.000000, 24.100000, 20.060000, 19.690000
2022-04-14_14-45-32, 51.000000, 24.100000, 20.060000, 19.690000
2022-04-14_14-45-36, 50.900000, 24.100000, 20.060000, 19.690000
2022-04-14_14-45-40, 50.900000, 24.100000, 20.120000, 19.750000
2022-04-14_14-45-44, 50.700000, 24.000000, 20.120000, 19.750000
2022-04-14_14-45-48, 50.800000, 24.100000, 20.120000, 19.750000
2022-04-14_14-45-52, 50.800000, 24.100000, 20.120000, 19.810000
2022-04-14_14-45-56, 50.800000, 24.000000, 20.190000, 19.810000
2022-04-14_14-46-00, 50.800000, 24.100000, 20.190000, 19.810000
2022-04-14_14-46-04, 50.800000, 24.100000, 20.190000, 19.810000
2022-04-14_14-46-09, 50.800000, 24.100000, 20.250000, 19.810000
2022-04-14_14-46-13, 50.800000, 24.000000, 20.250000, 19.870000
2022-04-14_14-46-17, 50.900000, 24.100000, 20.250000, 19.870000
2022-04-14_14-46-21, 50.900000, 24.000000, 20.310000, 19.870000
2022-04-14_14-46-25, 50.800000, 24.000000, 20.310000, 19.870000
2022-04-14_14-46-29, 50.800000, 24.100000, 20.310000, 19.870000
2022-04-14_14-46-33, 50.800000, 24.100000, 20.370000, 19.940000
2022-04-14_14-46-37, 50.700000, 24.100000, 20.370000, 19.940000
2022-04-14_14-46-41, 50.700000, 24.100000, 20.370000, 19.940000
2022-04-14_14-46-45, 50.700000, 24.100000, 20.370000, 19.940000
2022-04-14_14-46-50, 50.700000, 24.100000, 20.370000, 20.000000
2022-04-14_14-46-54, 50.600000, 24.100000, 20.440000, 20.000000
2022-04-14_14-46-58, 50.600000, 24.100000, 20.440000, 20.000000
2022-04-14_14-47-02, 50.700000, 24.100000, 20.440000, 20.060000
2022-04-14_14-47-06, 50.700000, 24.100000, 20.500000, 20.000000
2022-04-14_14-47-10, 50.700000, 24.100000, 20.500000, 20.060000
2022-04-14_14-47-14, 50.700000, 24.100000, 20.500000, 20.060000
2022-04-14_14-47-18, 50.800000, 24.100000, 20.500000, 20.120000
2022-04-14_14-47-22, 50.800000, 24.100000, 20.560000, 20.120000
2022-04-14_14-47-27, 50.800000, 24.100000, 20.560000, 20.120000
2022-04-14_14-47-31, 50.700000, 24.100000, 20.560000, 20.120000
2022-04-14_14-47-35, 50.700000, 24.100000, 20.560000, 20.190000
2022-04-14_14-47-39, 50.700000, 24.100000, 20.560000, 20.190000
2022-04-14_14-47-43, 50.700000, 24.100000, 20.620000, 20.190000
2022-04-14_14-47-47, 50.700000, 24.100000, 20.620000, 20.190000
2022-04-14_14-47-51, 50.800000, 24.100000, 20.620000, 20.190000
2022-04-14_14-47-55, 50.800000, 24.100000, 20.620000, 20.190000
2022-04-14_14-47-59, 50.800000, 24.100000, 20.620000, 20.250000
2022-04-14_14-48-04, 50.800000, 24.100000, 20.690000, 20.250000
2022-04-14_14-48-08, 50.800000, 24.100000, 20.690000, 20.310000
2022-04-14_14-48-12, 50.800000, 24.100000, 20.690000, 20.310000
2022-04-14_14-48-16, 50.700000, 24.100000, 20.750000, 20.310000
2022-04-14_14-48-20, 50.700000, 24.100000, 20.750000, 20.310000
2022-04-14_14-48-24, 50.600000, 24.100000, 20.750000, 20.310000
2022-04-14_14-48-28, 50.700000, 24.100000, 20.750000, 20.370000
2022-04-14_14-48-32, 50.700000, 24.100000, 20.810000, 20.310000
2022-04-14_14-48-36, 50.900000, 24.100000, 20.750000, 20.370000
2022-04-14_14-48-40, 51.000000, 24.100000, 20.750000, 20.370000
2022-04-14_14-48-45, 51.000000, 24.100000, 20.810000, 20.370000
2022-04-14_14-48-49, 51.000000, 24.100000, 20.810000, 20.370000
2022-04-14_14-48-53, 50.900000, 24.100000, 20.870000, 20.440000
2022-04-14_14-48-57, 50.700000, 24.100000, 20.870000, 20.440000
2022-04-14_14-49-01, 50.700000, 24.100000, 20.870000, 20.440000
2022-04-14_14-49-05, 50.600000, 24.000000, 20.870000, 20.440000
2022-04-14_14-49-09, 50.600000, 24.000000, 20.870000, 20.440000
2022-04-14_14-49-13, 50.600000, 24.000000, 20.870000, 20.500000
2022-04-14_14-49-17, 50.700000, 24.100000, 20.940000, 20.500000
2022-04-14_14-49-22, 50.800000, 24.100000, 20.940000, 20.440000
2022-04-14_14-49-26, 50.800000, 24.100000, 21.000000, 20.500000
2022-04-14_14-49-30, 50.800000, 24.000000, 20.940000, 20.500000
2022-04-14_14-49-34, 50.900000, 24.100000, 20.940000, 20.500000
2022-04-14_14-49-38, 50.900000, 24.100000, 20.940000, 20.560000
2022-04-14_14-49-42, 50.900000, 24.100000, 21.000000, 20.500000
2022-04-14_14-49-46, 50.900000, 24.100000, 21.000000, 20.560000
2022-04-14_14-49-50, 50.700000, 24.100000, 21.000000, 20.620000
2022-04-14_14-49-54, 50.700000, 24.100000, 21.000000, 20.560000
2022-04-14_14-49-59, 50.700000, 24.100000, 21.000000, 20.560000
2022-04-14_14-50-03, 50.700000, 24.100000, 21.060000, 20.620000
2022-04-14_14-50-07, 50.600000, 24.100000, 21.060000, 20.620000
2022-04-14_14-50-11, 50.600000, 24.100000, 21.060000, 20.620000
2022-04-14_14-50-15, 50.600000, 24.100000, 21.060000, 20.690000
2022-04-14_14-50-19, 50.600000, 24.100000, 21.060000, 20.690000
2022-04-14_14-50-23, 50.600000, 24.100000, 21.060000, 20.690000
2022-04-14_14-50-27, 50.700000, 24.100000, 21.120000, 20.690000
2022-04-14_14-50-31, 50.700000, 24.100000, 21.120000, 20.690000
2022-04-14_14-50-35, 50.700000, 24.100000, 21.120000, 20.750000
2022-04-14_14-50-40, 50.700000, 24.100000, 21.120000, 20.750000
2022-04-14_14-50-44, 50.600000, 24.100000, 21.120000, 20.750000
2022-04-14_14-50-48, 50.700000, 24.100000, 21.120000, 20.750000
2022-04-14_14-50-52, 50.700000, 24.100000, 21.190000, 20.750000
2022-04-14_14-50-56, 50.700000, 24.100000, 21.190000, 20.750000
2022-04-14_14-51-00, 50.700000, 24.100000, 21.190000, 20.750000
2022-04-14_14-51-04, 50.700000, 24.100000, 21.190000, 20.810000
2022-04-14_14-51-08, 50.700000, 24.100000, 21.250000, 20.810000
2022-04-14_14-51-12, 50.700000, 24.100000, 21.250000, 20.810000
2022-04-14_14-51-17, 50.600000, 24.100000, 21.190000, 20.810000
2022-04-14_14-51-21, 50.600000, 24.100000, 21.250000, 20.810000
2022-04-14_14-51-25, 50.500000, 24.100000, 21.250000, 20.870000
2022-04-14_14-51-29, 50.500000, 24.100000, 21.250000, 20.870000
2022-04-14_14-51-33, 50.500000, 24.100000, 21.250000, 20.870000
2022-04-14_14-51-37, 50.500000, 24.100000, 21.250000, 20.870000
2022-04-14_14-51-41, 50.500000, 24.100000, 21.250000, 20.940000
2022-04-14_14-51-45, 50.500000, 24.100000, 21.250000, 20.870000
2022-04-14_14-51-49, 50.500000, 24.100000, 21.310000, 20.940000
2022-04-14_14-51-54, 50.600000, 24.100000, 21.310000, 20.870000
2022-04-14_14-51-58, 50.600000, 24.100000, 21.310000, 20.940000
2022-04-14_14-52-02, 50.600000, 24.100000, 21.310000, 20.940000
2022-04-14_14-52-06, 50.500000, 24.100000, 21.370000, 20.940000
2022-04-14_14-52-10, 50.500000, 24.100000, 21.370000, 21.000000
2022-04-14_14-52-14, 50.600000, 24.100000, 21.440000, 21.000000
2022-04-14_14-52-18, 50.500000, 24.100000, 21.370000, 20.940000
2022-04-14_14-52-22, 50.500000, 24.100000, 21.370000, 20.940000
2022-04-14_14-52-26, 50.500000, 24.100000, 21.370000, 21.000000
2022-04-14_14-52-30, 50.400000, 24.100000, 21.370000, 21.000000
2022-04-14_14-52-35, 50.400000, 24.100000, 21.440000, 21.000000
2022-04-14_14-52-39, 50.300000, 24.100000, 21.440000, 21.000000
2022-04-14_14-52-43, 50.300000, 24.100000, 21.440000, 21.060000
2022-04-14_14-52-47, 50.300000, 24.100000, 21.500000, 21.060000
2022-04-14_14-52-51, 50.300000, 24.100000, 21.440000, 21.000000
2022-04-14_14-52-55, 50.500000, 24.100000, 21.440000, 21.060000
2022-04-14_14-52-59, 50.600000, 24.100000, 21.440000, 21.060000
2022-04-14_14-53-03, 50.500000, 24.100000, 21.440000, 21.060000
2022-04-14_14-53-07, 50.400000, 24.100000, 21.500000, 21.120000
2022-04-14_14-53-12, 50.300000, 24.100000, 21.500000, 21.120000
2022-04-14_14-53-16, 50.300000, 24.100000, 21.500000, 21.120000
2022-04-14_14-53-20, 50.300000, 24.100000, 21.560000, 21.120000
2022-04-14_14-53-24, 50.300000, 24.100000, 21.500000, 21.120000
2022-04-14_14-53-28, 50.300000, 24.100000, 21.500000, 21.120000
2022-04-14_14-53-32, 50.200000, 24.100000, 21.560000, 21.190000
2022-04-14_14-53-36, 50.200000, 24.100000, 21.560000, 21.120000
2022-04-14_14-53-40, 50.200000, 24.100000, 21.560000, 21.190000
2022-04-14_14-53-44, 50.200000, 24.100000, 21.560000, 21.190000
2022-04-14_14-53-49, 50.200000, 24.100000, 21.560000, 21.190000
2022-04-14_14-53-53, 50.200000, 24.100000, 21.560000, 21.190000
2022-04-14_14-53-57, 50.200000, 24.100000, 21.560000, 21.190000
2022-04-14_14-54-01, 50.200000, 24.100000, 21.620000, 21.190000
2022-04-14_14-54-05, 50.200000, 24.100000, 21.620000, 21.190000
2022-04-14_14-54-09, 50.200000, 24.100000, 21.560000, 21.190000
2022-04-14_14-54-13, 50.100000, 24.100000, 21.620000, 21.250000
2022-04-14_14-55-03, 50.700000, 24.100000, 21.750000, 21.310000
2022-04-14_14-55-07, 50.700000, 24.100000, 21.750000, 21.310000
2022-04-14_14-55-11, 50.700000, 24.100000, 21.750000, 21.310000
2022-04-14_14-55-15, 50.700000, 24.100000, 21.750000, 21.370000
2022-04-14_14-55-19, 50.700000, 24.100000, 21.750000, 21.310000
2022-04-14_14-55-23, 50.700000, 24.100000, 21.750000, 21.370000
2022-04-14_14-55-27, 50.600000, 24.100000, 21.750000, 21.370000
2022-04-14_14-55-31, 50.600000, 24.100000, 21.810000, 21.370000
2022-04-14_14-55-35, 50.600000, 24.100000, 21.750000, 21.370000
2022-04-14_14-55-40, 50.600000, 24.100000, 21.810000, 21.370000
2022-04-14_14-55-44, 50.500000, 24.100000, 21.750000, 21.440000
2022-04-14_14-55-48, 50.500000, 24.100000, 21.810000, 21.370000
2022-04-14_14-55-52, 50.500000, 24.100000, 21.810000, 21.440000
2022-04-14_14-55-56, 50.500000, 24.100000, 21.810000, 21.370000
2022-04-14_14-56-00, 50.500000, 24.100000, 21.810000, 21.440000
2022-04-14_14-56-04, 50.500000, 24.100000, 21.870000, 21.440000
2022-04-14_14-56-08, 50.500000, 24.100000, 21.870000, 21.440000
2022-04-14_14-56-12, 50.300000, 24.100000, 21.870000, 21.440000
2022-04-14_14-56-16, 50.300000, 24.100000, 21.870000, 21.440000
2022-04-14_14-56-21, 50.400000, 24.200000, 21.870000, 21.500000
2022-04-14_14-56-25, 50.300000, 24.100000, 21.870000, 21.440000
2022-04-14_14-56-29, 50.400000, 24.100000, 21.870000, 21.500000
2022-04-14_14-56-33, 50.300000, 24.100000, 21.870000, 21.500000
2022-04-14_14-56-37, 50.200000, 24.100000, 21.940000, 21.500000
2022-04-14_14-56-41, 50.200000, 24.100000, 21.870000, 21.500000
2022-04-14_14-56-45, 50.300000, 24.200000, 21.940000, 21.500000
2022-04-14_14-56-49, 50.300000, 24.200000, 21.940000, 21.500000
2022-04-14_14-56-53, 50.300000, 24.200000, 21.940000, 21.500000
2022-04-14_14-56-58, 50.300000, 24.200000, 21.940000, 21.500000
2022-04-14_14-57-02, 50.400000, 24.200000, 21.940000, 21.560000
2022-04-14_14-57-06, 50.500000, 24.200000, 21.940000, 21.560000
2022-04-14_14-57-10, 50.500000, 24.200000, 21.940000, 21.560000
2022-04-14_14-57-14, 50.500000, 24.100000, 21.940000, 21.560000
2022-04-14_14-57-18, 50.600000, 24.100000, 22.000000, 21.620000
2022-04-14_14-57-22, 50.600000, 24.100000, 22.000000, 21.560000
2022-04-14_14-57-26, 50.800000, 24.200000, 22.000000, 21.560000
2022-04-14_14-57-30, 50.800000, 24.200000, 22.000000, 21.620000
2022-04-14_14-57-35, 50.800000, 24.200000, 22.000000, 21.620000
2022-04-14_14-57-39, 50.700000, 24.200000, 22.000000, 21.620000
2022-04-14_14-57-43, 50.500000, 24.200000, 22.000000, 21.620000
2022-04-14_14-57-47, 50.700000, 24.200000, 22.060000, 21.620000
2022-04-14_14-57-51, 50.700000, 24.200000, 22.060000, 21.620000
2022-04-14_14-57-55, 50.700000, 24.200000, 22.060000, 21.620000
2022-04-14_14-57-59, 50.700000, 24.200000, 22.060000, 21.690000
2022-04-14_14-58-03, 50.600000, 24.200000, 22.060000, 21.690000
2022-04-14_14-58-07, 50.700000, 24.200000, 22.060000, 21.620000
2022-04-14_14-58-11, 50.800000, 24.200000, 22.060000, 21.690000
2022-04-14_14-58-16, 50.800000, 24.200000, 22.060000, 21.690000
2022-04-14_14-58-20, 50.800000, 24.200000, 22.060000, 21.690000
2022-04-14_14-58-24, 50.800000, 24.200000, 22.060000, 21.690000
2022-04-14_14-58-28, 50.700000, 24.100000, 22.120000, 21.690000
2022-04-14_14-58-32, 50.700000, 24.200000, 22.060000, 21.690000
2022-04-14_14-58-36, 50.600000, 24.200000, 22.120000, 21.690000
2022-04-14_14-58-40, 50.500000, 24.100000, 22.120000, 21.750000
2022-04-14_14-58-44, 50.600000, 24.200000, 22.120000, 21.690000
2022-04-14_14-58-48, 50.500000, 24.100000, 22.120000, 21.750000
2022-04-14_14-58-53, 50.400000, 24.100000, 22.120000, 21.690000
2022-04-14_14-58-57, 50.400000, 24.200000, 22.120000, 21.750000
2022-04-14_14-59-01, 50.200000, 24.100000, 22.120000, 21.750000
2022-04-14_14-59-05, 50.200000, 24.100000, 22.120000, 21.750000
2022-04-14_14-59-09, 50.300000, 24.200000, 22.120000, 21.750000
2022-04-14_14-59-13, 50.300000, 24.200000, 22.120000, 21.750000
2022-04-14_14-59-17, 50.300000, 24.100000, 22.120000, 21.750000
2022-04-14_14-59-21, 50.300000, 24.200000, 22.190000, 21.750000
2022-04-14_14-59-25, 50.200000, 24.100000, 22.190000, 21.750000
2022-04-14_14-59-30, 50.400000, 24.200000, 22.190000, 21.750000
2022-04-14_14-59-34, 50.400000, 24.200000, 22.190000, 21.750000
2022-04-14_14-59-38, 50.500000, 24.100000, 22.190000, 21.810000
2022-04-14_14-59-42, 50.500000, 24.100000, 22.190000, 21.810000
2022-04-14_14-59-46, 50.600000, 24.200000, 22.190000, 21.810000
2022-04-14_14-59-50, 50.600000, 24.100000, 22.190000, 21.810000
2022-04-14_14-59-54, 50.600000, 24.100000, 22.190000, 21.810000
2022-04-14_14-59-58, 50.700000, 24.200000, 22.190000, 21.810000
2022-04-14_15-00-02, 50.800000, 24.200000, 22.190000, 21.810000
2022-04-14_15-00-06, 50.800000, 24.100000, 22.250000, 21.810000
2022-04-14_15-00-11, 50.800000, 24.200000, 22.250000, 21.810000
2022-04-14_15-00-15, 50.800000, 24.100000, 22.250000, 21.810000
2022-04-14_15-00-19, 50.800000, 24.100000, 22.250000, 21.810000
2022-04-14_15-00-23, 50.900000, 24.200000, 22.250000, 21.870000
2022-04-14_15-00-27, 50.800000, 24.100000, 22.250000, 21.870000
2022-04-14_15-00-31, 50.800000, 24.200000, 22.250000, 21.870000
2022-04-14_15-00-35, 50.700000, 24.100000, 22.250000, 21.870000
2022-04-14_15-00-39, 50.800000, 24.200000, 22.250000, 21.870000
2022-04-14_15-00-43, 50.700000, 24.200000, 22.250000, 21.870000
2022-04-14_15-00-48, 50.500000, 24.100000, 22.250000, 21.870000
2022-04-14_15-00-52, 50.500000, 24.200000, 22.250000, 21.870000
2022-04-14_15-00-56, 50.500000, 24.200000, 22.310000, 21.870000
2022-04-14_15-01-00, 50.400000, 24.200000, 22.250000, 21.870000
2022-04-14_15-01-04, 50.300000, 24.200000, 22.250000, 21.870000
2022-04-14_15-01-08, 50.200000, 24.100000, 22.310000, 21.940000
2022-04-14_15-01-12, 50.200000, 24.100000, 22.310000, 21.940000
2022-04-14_15-01-16, 50.200000, 24.200000, 22.310000, 21.940000
2022-04-14_15-01-20, 50.100000, 24.200000, 22.310000, 21.940000
2022-04-14_15-01-25, 50.100000, 24.100000, 22.310000, 21.940000
2022-04-14_15-01-29, 50.100000, 24.200000, 22.370000, 21.940000
2022-04-14_15-01-33, 50.100000, 24.100000, 22.370000, 21.940000
2022-04-14_15-01-37, 50.200000, 24.200000, 22.310000, 21.940000
2022-04-14_15-01-41, 50.200000, 24.200000, 22.370000, 21.940000
2022-04-14_15-01-45, 50.300000, 24.200000, 22.370000, 21.940000
2022-04-14_15-01-49, 50.200000, 24.200000, 22.370000, 21.940000
2022-04-14_15-01-53, 50.200000, 24.200000, 22.370000, 21.940000
2022-04-14_15-01-57, 50.200000, 24.200000, 22.370000, 22.000000
2022-04-14_15-02-01, 50.100000, 24.200000, 22.370000, 22.000000
2022-04-14_15-02-06, 50.100000, 24.100000, 22.370000, 22.000000
2022-04-14_15-02-10, 50.200000, 24.200000, 22.370000, 22.000000
2022-04-14_15-02-14, 50.300000, 24.200000, 22.370000, 22.000000
2022-04-14_15-02-18, 50.300000, 24.200000, 22.370000, 22.000000
2022-04-14_15-02-22, 50.300000, 24.200000, 22.370000, 22.000000
2022-04-14_15-02-26, 50.300000, 24.200000, 22.370000, 22.000000
2022-04-14_15-02-30, 50.300000, 24.200000, 22.370000, 22.000000
2022-04-14_15-02-34, 50.400000, 24.200000, 22.440000, 22.000000
2022-04-14_15-02-38, 50.400000, 24.200000, 22.440000, 22.000000
2022-04-14_15-02-43, 50.300000, 24.200000, 22.440000, 22.000000
2022-04-14_15-02-47, 50.100000, 24.200000, 22.440000, 22.000000
2022-04-14_15-02-51, 50.100000, 24.200000, 22.440000, 22.000000
2022-04-14_15-02-55, 50.100000, 24.200000, 22.440000, 22.000000
2022-04-14_15-02-59, 50.100000, 24.200000, 22.440000, 22.000000
2022-04-14_15-03-03, 50.100000, 24.200000, 22.440000, 22.000000
2022-04-14_15-03-07, 50.100000, 24.200000, 22.440000, 22.060000
2022-04-14_15-03-11, 50.100000, 24.200000, 22.440000, 22.060000
2022-04-14_15-03-15, 50.200000, 24.200000, 22.440000, 22.060000
2022-04-14_15-03-20, 50.200000, 24.200000, 22.440000, 22.060000
2022-04-14_15-03-24, 50.300000, 24.200000, 22.500000, 22.060000
2022-04-14_15-03-28, 50.400000, 24.200000, 22.500000, 22.060000
2022-04-14_15-03-32, 50.400000, 24.200000, 22.500000, 22.060000
2022-04-14_15-03-36, 50.400000, 24.200000, 22.500000, 22.060000
2022-04-14_15-03-40, 50.400000, 24.200000, 22.500000, 22.120000
2022-04-14_15-03-44, 50.500000, 24.200000, 22.500000, 22.120000
2022-04-14_15-03-48, 50.500000, 24.200000, 22.500000, 22.120000
2022-04-14_15-03-52, 50.500000, 24.200000, 22.500000, 22.120000
2022-04-14_15-03-56, 50.500000, 24.200000, 22.500000, 22.120000
2022-04-14_15-04-01, 50.500000, 24.200000, 22.500000, 22.120000
2022-04-14_15-04-05, 50.500000, 24.200000, 22.560000, 22.120000
2022-04-14_15-04-09, 50.500000, 24.200000, 22.500000, 22.120000
2022-04-14_15-04-13, 50.400000, 24.200000, 22.500000, 22.120000
2022-04-14_15-04-17, 50.300000, 24.200000, 22.500000, 22.120000
2022-04-14_15-04-21, 50.300000, 24.200000, 22.560000, 22.120000
2022-04-14_15-04-25, 50.300000, 24.200000, 22.560000, 22.120000
2022-04-14_15-04-29, 50.300000, 24.200000, 22.560000, 22.190000
2022-04-14_15-04-33, 50.300000, 24.200000, 22.560000, 22.190000
2022-04-14_15-04-38, 50.300000, 24.200000, 22.560000, 22.190000
2022-04-14_15-04-42, 50.300000, 24.200000, 22.560000, 22.190000
2022-04-14_15-04-46, 50.300000, 24.200000, 22.560000, 22.190000
2022-04-14_15-04-50, 50.400000, 24.200000, 22.560000, 22.190000
2022-04-14_15-04-54, 50.400000, 24.200000, 22.560000, 22.190000
2022-04-14_15-04-58, 50.300000, 24.200000, 22.560000, 22.190000
2022-04-14_15-05-02, 50.200000, 24.200000, 22.560000, 22.190000
